640
641
528
530
529
531
534
535
537
532
533
536
539
538
541
727
543
540
542
545
544
547
546
548
551
552
550
553
549
554
556
555
558
557
559
560
561
562
563
564
565
568
569
566
567
570
571
576
573
574
572
575
577
578
579
580
777
774
775
776
778
779
782
784
783
780
781
793
796
803
807
806
811
808
809
810
812
813
821
822
825
826
827
823
828
824
829
830
831
832
833
694
705
718
737
738
736
742
739
753
755
754
759
760
761
763
764
762
766
765
769
768
770
771
775
776
782
780
781
778
786
787
789
788
19
20
21
22
23
25
26
27
28
24
29
30
33
34
35
31
36
32
38
40
39
37
41
45
42
43
44
46
47
48
49
53
54
51
50
52
55
58
59
56
60
57
62
64
61
63
66
69
70
65
67
68
71
72
73
74
75
76
84
86
102
103
105
106
104
101
108
107
109
110
111
112
113
114
120
115
116
117
118
119
122
123
121
124
125
222
249
250
251
252
253
255
256
257
254
268
287
285
286
288
315
316
317
318
326
331
328
329
330
333
332
352
350
353
351
354
426
534
568
567
569
604
602
603
607
608
609
605
606
638
635
636
637
639
640
641
670
671
675
674
672
673
676
677
679
680
678
681
682
719
721
722
723
724
720
772
770
773
771
774
798
804
799
800
801
802
803
830
842
845
846
843
844
847
848
849
854
855
964
966
965
973
1015
1016
1020
1019
1017
1018
1021
1053
1073
1114
1113
1112
1140
1166
1167
1163
1164
1165
1198
1199
1240
1241
1243
1239
1242
1244
906
907
908
909
910
912
905
930
932
929
936
938
959
969
966
967
962
964
968
951
953
955
996
1006
1008
998
1000
973
1002
986
978
979
980
990
992
975
976
1010
993
994
997
977
981
985
1011
995
1028
1023
1024
1032
1033
1034
1091
1092
1093
1183
1272
1273
1277
1185
1274
1282
1292
1297
1302
1307
1364
1365
1228
1206
1188
1190
1194
1197
1198
1369
1371
1199
1287
1214
1288
1216
1375
1219
1191
1233
1355
1356
1286
1366
1296
1367
1301
1304
1306
1314
1310
1311
1360
1319
1361
1321
1325
1329
1362
1332
1334
1368
1336
1372
1373
1338
1340
1343
1344
1345
1258
1260
1346
1348
1349
1350
1351
1593
1712
1713
1714
1720
1715
1716
1722
1723
1724
1718
1719
1717
1721
1752
1738
1753
1749
1751
1754
1750
1790
1791
1792
1793
1794
1833
1831
1821
1825
1835
1836
1837
1834
1838
1823
1840
1856
1841
1852
1857
1860
1861
1862
1842
1843
1853
1844
1858
1845
1848
1890
1891
1889
2545
2685
2684
2714
2715
2716
2733
2732
2736
2743
2737
2745
2735
2738
2742
2747
2757
2752
2748
2749
2753
2750
2754
2758
673
674
672
679
676
677
675
678
680
681
682
683
685
686
689
690
687
688
691
693
694
695
692
699
696
697
698
701
702
700
703
704
705
708
709
711
710
712
713
716
717
715
719
718
720
723
722
724
721
725
726
1758
1766
1768
1771
1773
1772
1806
1802
1804
1803
1805
1843
1841
1845
1846
1849
1935
1945
2009
2108
2109
2110
2111
2112
2144
2145
2147
2146
2148
2149
2150
2177
2179
2178
2180
2181
2182
2204
2211
2214
2212
2215
2213
2216
2217
2232
2238
2236
2239
2237
2240
2244
2245
2241
2243
2242
2252
2254
2255
2259
2256
2257
2258
2260
2272
2269
2270
2271
2268
2277
2278
2273
2274
2275
2276
2280
2281
2279
2283
2285
2284
2282
2296
2295
2297
2298
2299
909
907
908
910
937
942
943
944
945
946
947
948
949
950
955
951
952
954
953
956
959
960
957
958
983
994
995
998
996
997
1041
1039
1040
1042
1043
1044
3
4
5
7
11
6
8
9
10
14
15
16
12
13
17
33
34
35
40
36
41
37
38
39
42
44
45
46
43
47
49
48
50
51
52
55
54
53
56
57
66
65
69
70
71
67
72
68
73
75
76
74
78
98
241
240
338
339
340
439
445
442
441
443
444
446
447
449
450
448
452
453
463
467
464
465
466
462
468
474
473
477
475
478
479
480
476
481
483
482
485
484
486
488
487
489
490
501
502
512
516
514
515
521
519
520
522
524
525
523
527
526
91
267
310
311
312
313
314
329
384
389
385
386
388
387
391
393
394
390
392
395
396
398
397
4124
4140
4163
4162
4161
4166
4164
4165
4187
4189
4190
4188
4191
4192
4194
4195
4196
4193
4197
4198
4199
4202
4203
4204
4200
4201
4206
4207
4205
4208
1
4209
4210
4211
4212
4213
4214
4215
4216
4217
4218
587
588
589
593
590
591
592
595
596
594
597
598
599
602
600
601
603
604
605
606
632
633
634
636
635
637
639
640
641
668
673
671
672
675
674
681
682
683
684
686
685
688
689
690
691
693
694
692
696
697
698
695
699
704
701
705
702
703
700
706
746
896
950
970
992
3
1033
1034
1037
1035
1036
1038
1058
1059
1060
1062
1061
1063
1064
1067
1068
1069
1066
1065
1070
1073
1071
1074
1109
1111
1113
1114
1115
1116
1117
1118
1119
1138
1137
1139
1140
1143
1144
1145
1146
1147
1149
1148
1152
18
1153
1155
1154
1156
1157
1158
1159
1161
1162
1163
1160
109
122
123
124
136
148
149
169
168
171
179
188
189
190
193
194
191
192
195
197
198
196
199
201
200
202
203
204
206
205
207
208
209
210
211
213
212
215
214
216
217
218
223
219
220
221
222
225
224
227
230
228
229
226
231
233
234
232
235
236
237
238
239
240
241
2
1244
1272
1275
1276
1280
1281
1282
1283
1371
1369
1370
1400
1412
1414
1439
1440
1491
1505
1522
1525
1595
1599
1596
1597
1598
1600
1601
1602
1603
1632
1634
1645
1646
1647
1648
1670
1671
1679
1678
1682
1681
1691
1692
243
253
276
283
288
284
286
287
299
321
324
322
323
351
352
353
354
355
356
357
358
359
360
361
362
364
363
388
389
391
392
390
393
394
396
395
397
399
398
403
400
401
404
402
405
406
409
410
422
420
434
438
441
439
442
440
443
444
1693
1694
1695
1699
1698
1696
1697
1702
1700
1703
1701
1704
1709
1705
1707
1710
1708
1706
1715
1716
1711
1712
1713
1714
1719
1718
1720
1721
1717
1724
1725
1726
1722
1723
1727
1730
1728
1731
1732
1729
1733
1735
1734
1736
1742
1737
1739
1740
1741
1738
1743
1744
1746
1747
1748
1745
1749
453
457
459
504
584
583
623
621
622
625
624
626
634
640
638
644
643
656
659
664
668
666
667
671
669
670
1
2975
2976
2977
2979
2978
2980
2981
2983
2984
2985
2982
2987
2989
2988
2986
2991
2990
2994
2992
2993
2995
2996
2997
3001
2998
2999
3000
3002
3003
3004
3005
3006
3007
3008
3009
3010
3015
3011
3012
3013
3014
3017
3018
3019
3016
3020
3022
3024
3021
3025
3023
3026
3027
3028
3031
3029
3032
3030
3033
3036
3035
3037
3034
3040
3038
3039
3041
3042
3043
3045
3044
3046
3048
3047
3049
3050
3051
3052
3057
3053
3054
3055
3056
3060
3058
3059
3061
3062
3063
3064
3065
3068
3066
3069
3067
3070
39
87
85
96
137
138
126
127
128
129
130
131
132
139
140
141
123
133
134
135
124
125
136
151
142
152
143
144
153
154
155
145
146
147
150
148
149
156
173
183
190
188
191
193
194
196
195
192
199
198
200
197
201
215
217
220
219
221
218
224
225
223
226
235
231
233
234
227
232
228
229
236
230
237
240
238
239
242
252
249
250
256
257
255
259
262
260
261
258
263
265
264
266
271
267
269
268
270
275
272
276
273
274
278
291
292
293
294
297
295
296
298
299
300
302
301
303
304
305
306
307
308
309
3255
3300
3303
3304
3301
3302
3327
3328
3334
3336
3335
3340
3341
3339
3343
3342
3345
3344
3346
3348
3347
3360
3359
3361
3363
3362
3365
3366
3364
3368
3369
3370
3371
3384
3385
3388
3389
3386
3387
3390
3391
3392
3395
3396
3394
3397
3393
3398
3399
3400
3402
3401
3403
3408
3404
3405
3406
3407
3409
3412
3413
3410
3411
3414
3415
3416
3417
3420
3422
3425
3426
3427
3423
3424
3429
3431
3432
3428
3430
3436
3433
3434
3435
3437
3438
3447
3444
3445
3446
3449
3453
3456
3458
3457
3454
3455
3459
3460
3461
3491
3492
3496
3497
3493
3495
3494
3498
3499
3501
3500
3566
3567
3568
3574
3575
436
440
441
442
3622
3629
3628
3634
3631
3632
3630
3633
3666
3668
3667
3697
3732
3811
3815
3819
3817
3818
3816
3823
3820
3822
3825
3826
3824
3827
3828
3830
3832
3829
3831
3833
3877
3882
3885
3884
3886
3883
3890
3887
3889
3891
3888
3896
3892
3893
3894
3895
3898
3900
3901
3897
3899
3903
3904
3902
443
444
445
446
449
447
448
451
452
450
453
454
457
458
455
456
461
460
459
462
463
464
466
465
468
470
469
467
471
473
474
472
475
476
477
478
479
480
481
484
482
485
483
486
487
489
490
491
492
488
498
499
495
494
493
496
497
500
504
501
502
503
3946
